42 35 264 166 168 114
354 35 268 166 482 114
669 35 268 167 800 114
984 35 268 167 1120 114
1299 35 268 167 1432 114
1614 35 268 167 1742 114
1929 34 268 168 2066 114
2243 33 270 169 2374 114
2557 31 271 171 2696 114
2871 30 272 172 3002 114
3186 29 272 174 3324 114
3501 29 272 173 3638 114
3817 29 271 173 3954 114
4133 30 270 172 4264 114
4449 32 268 170 4588 114
4764 33 268 169 4900 114
5079 34 268 168 5212 114
5394 34 268 168 5528 114
5709 34 268 168 5846 114
6024 35 268 166 6170 114